kinematics:
  shoulder:
    x: 0
    y: 0
    z: 0.1624920159516938
    roll: -0
    pitch: 0
    yaw: 1.436491522260885e-08
  upper_arm:
    x: 9.671485538767756e-05
    y: 0
    z: 0
    roll: 1.570569437818106
    pitch: 0
    yaw: -1.120554544264962e-06
  forearm:
    x: -0.4251587124177438
    y: 0
    z: 0
    roll: 3.140367335345093
    pitch: 3.141046760394426
    yaw: -3.141588760270981
  wrist_1:
    x: -0.3925033171082786
    y: -0.0002730356148714284
    z: 0.1332016817102778
    roll: 0.002049788178101511
    pitch: -0.002285865738929401
    yaw: -1.330171706457505e-06
  wrist_2:
    x: 8.597953859269738e-05
    y: -0.09952359424029425
    z: 3.058456649964564e-05
    roll: 1.570489017098434
    pitch: 0
    yaw: -8.013535080647617e-08
  wrist_3:
    x: 0.0001366793633565591
    y: 0.09949046496529459
    z: 0.0001825762084084451
    roll: 1.572631437360742
    pitch: 3.141592653589793
    yaw: -3.141592552137694
  hash: calib_6376017572745876465