kinematics:
  shoulder:
    x: 0
    y: 0
    z: 0.1627616321565117
    roll: -0
    pitch: 0
    yaw: -5.330938582400175e-07
  upper_arm:
    x: 1.940615663609995e-05
    y: 0
    z: 0
    roll: 1.570917091478886
    pitch: 0
    yaw: -2.056379044823586e-07
  forearm:
    x: -0.4255741028636571
    y: 0
    z: 0
    roll: 0.0001345467394326865
    pitch: 0.0007314497028776625
    yaw: -5.959635976842124e-06
  wrist_1:
    x: -0.3925816190641715
    y: -0.0004086055883958229
    z: 0.1339548720612262
    roll: 0.003050313249750093
    pitch: 0.00106742541390358
    yaw: 3.061535786369138e-06
  wrist_2:
    x: -0.0001713575026831616
    y: -0.09989398845253769
    z: -2.445312206379177e-05
    roll: 1.571041117517083
    pitch: 0
    yaw: 1.038763475526261e-08
  wrist_3:
    x: 5.604722512510498e-05
    y: 0.09981627072373285
    z: 7.247855468140814e-05
    roll: 1.571522446308457
    pitch: 3.141592653589793
    yaw: 3.141592576817805
  hash: calib_1692765369139674439