# This is the rest position joint state
rest_joint_state:
  base: 3.180511713027954
  shoulder: -0.765713707809784
  elbow: -2.063561201095581
  wrist1: -3.4858814678587855
  wrist2: -1.6338766256915491
  wrist3: -0.026324097310201466