# This is the rest position joint state
rest_joint_state:
  base: 3.2034318447113037
  shoulder: -1.5260724139264603
  elbow: -1.9630472660064697
  wrist1: -2.826141973535055
  wrist2: -1.6095555464373987
  wrist3: -0.028106514607564748