# This is the rest position joint state
rest_joint_state:
  base: -0.0002878347979944351
  shoulder: -1.7666164837279261
  elbow: 2.0482314268695276
  wrist1: -0.29205139101062016
  wrist2: 1.654373049736023
  wrist3: -0.0004633108722131851