# This is the rest position joint state
rest_joint_state:
  base: -2.45607573190798
  shoulder: -1.1180222791484375
  elbow: -2.268890857696533
  wrist1: -2.885341306725973
  wrist2: -0.9128201643573206
  wrist3: 0.020666534081101418