# This is the rest position joint state
rest_joint_state:
  base: 0.19510316848754883
  shoulder: -1.7258960209288539
  elbow: 1.9933493773089808
  wrist1: -0.2372860473445435
  wrist2: 1.8415772914886475
  wrist3: 0.008601391687989235