# This is the rest position joint state
rest_joint_state:
  base: 3.242006778717041
  shoulder: -1.3494841766408463
  elbow: -1.1287680864334106
  wrist1: -3.8368412456908167
  wrist2: -1.5733850638019007
  wrist3: -0.02475291887392217