# This is the rest position joint state
rest_joint_state:
  base: 3.0522031784057617
  shoulder: -1.0346030753901978
  elbow: -1.5203946828842163
  wrist1: -3.775872846642965
  wrist2: -1.697730843220846
  wrist3: -0.06905585924257451